141303951380
380916384176
400714490649
400717995632
380901516893
380914423798
380914138505
380897160276
380906180957
141303498947
141293396907
380908666164
380916390949
141298521782
380915727722
141303564317
380915692892
400716408518
400717000943
141302453129
380915726206
400709104474
141300364835
380907450198
400708720339
400714942763
141279172319
400716885241
380911362926
141296589345
141292481223
141296655865
380898782598
380910441662
141299449425
380911352414
380913418432
400689192164
380913545974
380912812209
141284139662
400715947068
141159993566
380912775958
380913429771
380912105671
400714889390
141296545975
141297626809
380853829336
141206374674
400716005982
141295659981
400715465450
400659840855
400715334729
380911103278
380904406726
141296334853
400714397604
380911246954
141293463564
400715332906
380911235312
141287674978
141294389791
380911935577
380911081202
141285228208
380909438195
141296309681
400715418485
141297702432
400715335309
400713164105
400699184611
400714272556
141296640689
400623403747
380847703191
141293270564
400710860392
380911081488
400712541378
400714274377
141296567100
380906643141
141138107153
380908605309
380862165054
380908640539
380906024720
400712544065
141293721550
400713164357
400709224713
380817706617
380877087255
380902153568
141278273822
400707639863
141291375377
380821028246
380906188789
141249038315
141289140618
380906024112
141289141096
400711025348
380902111221
380904578980
141289422560
141285838742
400705648590
141289244060
400709030839
141131267915
141283367219
400707585798
400709642900
380899390215
380903955743
400697206089
400710400213
400710212448
380901696989
400708074907
400709751691
141282588055
141281749251
400707304831
380902590545
380902102697
141196231372
400697565315
380886960350
141282128050
400708625156
400704988666
380901638965
141283025481
141284183134
141186800030
400705599815
380899389314
141138060161
400707078894
380900182125
380900107852
141283022147
141283134789
400699783684
141272886326
141283128814
141255785179
400707138352
380881374620
141281085106
400705666196
400705602711
141268623314
380886467138
400691671956
380884399270
400702312470
141280040254
400702153368
380899377482
141279316206
141176405258
400703445452
400705012380
380898750459
400705000455
141279206761
141274790277
380898739728
380899389394
400617396650
141274842703
400692915408
400705603305
141186985037
400617396663
400694154613
141278427133
400703360182
380878913609
400694683064
400703331775
380897160957
141271964906
141274831535
400703327250
400702794689
141272651642
380888844301
400646762758
400661940919
141245901738
400700929335
400694342107
400702160309
400663515989
400683334635
400699617892
380889718681
380896579244
380836862228
400689681698
141269823848
400697697609
400698251787
380884717668
